-4017032675061558594
7121521986903553939
1594219981409591370
-6522201659491663476
-6554422384283034632
-2325243905646966954
2553576429977995335
-2393921908338490895
8780807639271212142
2043214204047268359
-1086668343271450483
-5694048336197979842
7353006161571041572
4532707826209860813
-6667535937874420280
7276356565605504338
6529366112934078227
-3451498523847548959
7913372096606277596
-2123126636015307680
6652730326549271975
1183269532597257489
-502974876332342177
1321364012177034095
-7589819439597014718
6946777815446584894
-9021926917437656805
-6628418215120218915
-4053441975689593417
-985581994630861858
-8728608756405109103
5796553604869447384
-2794473993277134641
-4490764043948004485
-7456194822183081359
-7274641057521012252
1065645957990995143
1970601540916700721
-6192627815689651676
494549673897019224
1073580731769631440
-2931551820554342604
6906139155704085826
-5861240509154471968
3357228402777304462
-4373538157850938808
3828614582953304092
3554009971180456444
-3046080624690764902
-6645556484511944121
2950958749868510771
-1276785940451579776
-8861880167630917120
-6983955595153074273
7030417428026434750
-6933670997578528494
255195505859071681
-2539137785816559919
-5374742921438071511
8872151099460647600
9059673176386122578
-6825633227159832845
5802923808034707344
2405319243852076071
-1443996894988560612
3789715309938516015
-4765796986012562104
-3099520016249005411
-1493158733018973702
8107805438587656770
8350582528390296407
-7253069670068193273
5682288891312455358
-1609458961878576386
-6589345149470554889
3127660441599132083
1528926131044013484
4926798902111683784
8679435610256420375
-3698532328857891136
1754747973879658236
7860507196277847322
981264336790007258
-7764308479689138527
-4307542485326008996
1867675852676891394
-8464526398575097579
-4625209863738814561
6579923213951250541
3562997748152419746
6204071202619362517
5235498769635599700
-3082610473632133310
8139781370372291246
988986734722736343
3110832042477510448
3414836408455178980
-957257827708762895
2505567765975673359
5288751868906528503
